function GMat=HexSymm(g)
S01=[1,0,0;0,1,0;0,0,1];
S02=[0.5,0.87,0;-0.87,0.5,0;0,0,1];
S03=[-0.5,0.87,0;-0.87,-0.5,0;0,0,1];
S04=[-1,0,0;0,-1,0;0,0,1];
S05=[-0.5,-0.87,0;0.87,-0.5,0;0,0,1];
S06=[0.5,-0.87,0;0.87,0.5,0;0,0,1];
S07=[1,0,0;0,-1,0;0,0,-1];
S08=[0.5,0.87,0;0.87,-0.5,0;0,0,-1];
S09=[-0.5,0.87,0;0.87,0.5,0;0,0,-1];
S10=[-1,0,0;0,1,0;0,0,-1];
S11=[-0.5,-0.87,0;-0.87,0.5,0;0,0,-1];
S12=[0.5,-0.87,0;-0.87,-0.5,0;0,0,-1];

GMat=zeros(3,3,12);
GMat(:,:,1)=S01*g;GMat(:,:,2)=S02*g;GMat(:,:,3)=S03*g;    
GMat(:,:,4)=S04*g;GMat(:,:,5)=S05*g;GMat(:,:,6)=S06*g; 
GMat(:,:,7)=S07*g;GMat(:,:,8)=S08*g;GMat(:,:,9)=S09*g; 
GMat(:,:,10)=S10*g;GMat(:,:,11)=S11*g;GMat(:,:,12)=S12*g;




end